0.pcd 2.05011e-05 -2.11046e-05 0.0005668 0.999932 -0.00211452 -0.0114819 1.16582e-05
1.pcd -0.0028762 0.522039 -0.0189314 0.999576 -0.00400906 -0.0110615 -0.0266171
2.pcd 0.0679431 1.03113 -0.0320509 0.999087 -0.00376737 -0.0107823 -0.0411742
3.pcd 0.144602 1.42004 -0.0473393 0.991483 -0.00339946 -0.0120347 -0.129636
4.pcd 0.224833 1.65568 -0.0548262 0.972905 -0.00265049 -0.0122974 -0.230864
5.pcd 0.472232 2.11338 -0.0640355 0.97353 -0.00487995 -0.0141387 -0.228067
6.pcd 0.695986 2.5876 -0.075079 0.975872 -0.00408137 -0.0145788 -0.21782
7.pcd 0.751143 2.72215 -0.0811635 0.991244 -0.00623769 -0.0140038 -0.131152
8.pcd 0.865794 3.21033 -0.0814779 0.998735 -0.00770832 -0.0104139 -0.0485873
9.pcd 0.951303 3.73026 -0.090673 0.998385 0.00512061 -0.00957535 -0.0557638
10.pcd 0.990404 4.20862 -0.114896 0.986672 -0.0144588 -0.00733305 -0.161913
11.pcd 1.00658 4.27835 -0.110719 0.96778 -0.00955822 -0.012214 -0.251317
12.pcd 1.04517 4.33639 -0.120408 0.937113 -0.00707801 -0.011563 -0.348763
13.pcd 1.09447 4.38779 -0.123089 0.898341 -0.00718155 -0.0153093 -0.438973
14.pcd 1.17786 4.44876 -0.124678 0.842625 -0.00815234 -0.0166501 -0.538182
15.pcd 1.52815 4.57257 -0.125205 0.791353 -0.00716853 -0.0174115 -0.61107
16.pcd 1.92233 4.61485 -0.118255 0.72884 -0.00583581 -0.0187396 -0.684402
17.pcd 2.43476 4.61031 -0.116205 0.712627 -0.00572924 -0.0206836 -0.701215
18.pcd 2.74487 4.58914 -0.112842 0.647663 -0.00220309 -0.0218586 -0.76161
19.pcd 3.25065 4.50986 -0.106563 0.677208 -0.00187321 -0.0198008 -0.735523
20.pcd 3.76124 4.43014 -0.0961845 0.654271 -0.00173154 -0.0185837 -0.756029
21.pcd 4.27546 4.36733 -0.100733 0.659756 -0.00473725 -0.0157317 -0.7513
22.pcd 4.78611 4.3005 -0.0955264 0.662318 -0.00196022 -0.0153461 -0.749063
23.pcd 5.30636 4.20454 -0.0869874 0.663366 -0.00301145 -0.0140366 -0.748157
24.pcd 5.42397 4.20356 -0.0902295 0.741374 -0.00188115 -0.013771 -0.670948
25.pcd 5.41541 4.20515 -0.0876293 0.797636 -0.00159036 -0.0140022 -0.602974
26.pcd 5.39763 4.20147 -0.0909039 0.858899 -0.00224292 -0.0119284 -0.512001
27.pcd 5.38434 4.19527 -0.0896867 0.914192 -0.00170241 -0.0119904 -0.405101
28.pcd 5.36944 4.17878 -0.085767 0.958584 -0.000842509 -0.0101155 -0.28463
29.pcd 5.35669 4.16039 -0.0855322 0.987297 -0.00151387 -0.00863741 -0.158646
30.pcd 5.34952 4.14012 -0.0920346 0.999309 -0.00120285 -0.00502349 -0.0368113
31.pcd 5.35446 4.1265 -0.0873 0.996524 -0.000323174 -0.0040868 0.0832015
32.pcd 5.36538 4.11079 -0.084283 0.978626 -0.000386713 -0.00399918 0.205611
33.pcd 5.36944 4.09592 -0.0823351 0.95169 -0.000658124 -0.00161482 0.307056
34.pcd 5.37028 4.09356 -0.0846297 0.909699 -0.000422612 0.000919903 0.415266
35.pcd 5.3892 4.07674 -0.0848998 0.851719 -0.00163942 0.00233815 0.523991
36.pcd 5.40647 4.05999 -0.0878829 0.780592 -0.00336852 0.0041371 0.625018
37.pcd 5.42311 4.05202 -0.0875312 0.699429 -0.00126249 0.00601289 0.714676
38.pcd 5.44271 4.05476 -0.0899176 0.613656 -0.000693025 0.0071475 0.789541
39.pcd 5.38638 4.04866 -0.0861545 0.6894 -0.00117769 0.00618507 0.724354
40.pcd 5.37216 4.04855 -0.0888166 0.752052 -0.000858739 0.00493018 0.659085
41.pcd 4.8709 4.16341 -0.100122 0.774992 -1.61385e-05 0.0052822 0.631949
42.pcd 4.37547 4.27111 -0.099405 0.774428 0.00113145 0.00707511 0.632622
43.pcd 3.87598 4.37402 -0.110348 0.792932 -0.000594644 0.00404986 0.609296
44.pcd 3.37391 4.50448 -0.111604 0.787488 -0.00622583 0.00204777 0.616295
45.pcd 2.86229 4.62223 -0.117295 0.775725 -0.00714222 0.00396081 0.631019
46.pcd 2.36476 4.66761 -0.124461 0.728417 -0.0081347 0.00517346 0.685067
47.pcd 1.84209 4.71204 -0.123912 0.730464 -0.00498442 0.00703604 0.682896
48.pcd 1.3352 4.74898 -0.128237 0.72786 -0.00554846 0.00907676 0.685643
49.pcd 0.81737 4.75054 -0.134007 0.681364 -0.00623022 0.0107699 0.731839
50.pcd 0.310223 4.72971 -0.140906 0.683602 -0.00435368 0.0110011 0.729759
51.pcd -0.192674 4.70555 -0.142838 0.681472 -0.00632129 0.00939259 0.731756
52.pcd -0.711661 4.66768 -0.156467 0.687222 -0.00642601 0.0068452 0.726387
53.pcd -1.22228 4.66964 -0.163853 0.682397 -4.35767e-05 0.00571116 0.730959
54.pcd -1.72456 4.62519 -0.164035 0.683547 -0.000956788 0.00955617 0.729843
55.pcd -2.24935 4.60353 -0.163588 0.682926 -0.00168515 0.00628684 0.730458
56.pcd -2.70572 4.594 -0.177182 0.615741 -0.00344869 0.00558136 0.787921
57.pcd -3.1696 4.48442 -0.185849 0.709842 -0.00764847 0.00430823 0.704306
58.pcd -3.7001 4.5451 -0.184977 0.704868 0.000591683 0.00611908 0.709312
59.pcd -4.20957 4.4929 -0.178943 0.66085 -0.000839564 0.00751271 0.75048
60.pcd -4.72052 4.44034 -0.186612 0.664661 -0.00124238 0.00610619 0.747119
61.pcd -5.23312 4.38336 -0.190508 0.663421 -0.0021804 0.00646422 0.748215
62.pcd -5.75817 4.35097 -0.189118 0.659474 -0.000874718 0.0121277 0.751629
63.pcd -6.26974 4.2829 -0.196458 0.690255 -0.007516 0.00159193 0.723525
64.pcd -6.79987 4.27971 -0.194991 0.690633 -0.00346609 0.00605648 0.723172
65.pcd -7.29963 4.26942 -0.202802 0.688978 -0.000991995 0.00699932 0.724747
66.pcd -7.82119 4.25858 -0.202715 0.695217 0.00350228 0.00289166 0.718786
67.pcd -8.33918 4.25013 -0.209214 0.693456 0.00040373 0.0056198 0.720477
68.pcd -8.87116 4.23922 -0.212204 0.693544 -0.00128162 0.00189695 0.720411
69.pcd -9.38792 4.22643 -0.222427 0.709276 -0.00266906 0.00194998 0.704923
70.pcd -9.51085 4.2269 -0.219346 0.793353 -0.000164074 -0.000412231 0.608762
71.pcd -9.58327 4.24537 -0.218204 0.84443 -0.0022866 0.00189436 0.535658
72.pcd -9.64861 4.28858 -0.21908 0.889495 -0.000109069 -0.000810091 0.456945
73.pcd -9.70359 4.34603 -0.220725 0.926605 0.00191632 -0.00147754 0.376029
74.pcd -9.7652 4.43123 -0.21719 0.95988 0.00177207 -0.00376095 0.28038
75.pcd -9.97431 4.77785 -0.224464 0.987403 0.00119812 -0.00785018 0.158025
76.pcd -9.99753 4.84942 -0.226312 0.997676 0.00175643 -0.0100659 0.0673596
77.pcd -10.0094 4.92261 -0.231784 0.999727 0.0021035 -0.00918013 -0.0214048
78.pcd -10.0052 4.99288 -0.228813 0.993988 0.00135622 -0.00940243 -0.109077
79.pcd -9.97883 5.09963 -0.230389 0.972007 -0.000491659 -0.0115212 -0.234668
80.pcd -9.91435 5.19219 -0.233739 0.937162 -0.00169109 -0.0138128 -0.348618
81.pcd -9.8326 5.273 -0.233096 0.889774 0.000329972 -0.0144412 -0.456173
82.pcd -9.73825 5.32757 -0.234228 0.828661 0.00145928 -0.0152413 -0.559541
83.pcd -9.62953 5.35079 -0.230571 0.755797 0.00229639 -0.017247 -0.654574
84.pcd -9.52346 5.35064 -0.232043 0.673564 0.00402789 -0.0169887 -0.738922
85.pcd -9.41497 5.32853 -0.224888 0.583409 0.00427802 -0.0164141 -0.812001
86.pcd -8.93245 5.16127 -0.222834 0.597546 0.00238937 -0.0144384 -0.801701
87.pcd -8.4534 5.00531 -0.219047 0.596813 0.00346895 -0.0142018 -0.802247
88.pcd -7.9846 4.88564 -0.202275 0.680278 0.00632766 -0.0120001 -0.732828
89.pcd -7.9302 4.88261 -0.204733 0.744787 0.00590741 -0.0128309 -0.667153
90.pcd -7.88624 4.88834 -0.20928 0.801887 0.00499543 -0.0123041 -0.597328
91.pcd -7.71808 4.94947 -0.20125 0.744799 0.00142134 -0.0110055 -0.667197
92.pcd -7.19964 4.96512 -0.193751 0.705628 0.0055721 -0.00684823 -0.708528
93.pcd -6.6768 4.95761 -0.187809 0.707485 0.00443034 -0.0110043 -0.706629
94.pcd -6.15602 4.94116 -0.188414 0.70344 0.00365767 -0.0165286 -0.710553
95.pcd -5.61938 4.93519 -0.178392 0.701081 0.000359281 -0.0140628 -0.712943
96.pcd -5.1982 4.86971 -0.177114 0.631582 -0.00247898 -0.0118583 -0.775215
97.pcd -5.10256 4.8508 -0.175759 0.534125 0.00110859 -0.0125062 -0.845313
98.pcd -4.66262 4.58862 -0.173893 -0.493557 -0.00279197 0.0183855 0.869515
99.pcd -4.22455 4.33968 -0.169342 0.591414 0.00110705 -0.0193887 -0.806134
100.pcd -4.15171 4.34876 -0.167568 0.667243 0.00260782 -0.0176448 -0.744627
101.pcd -4.15225 4.35651 -0.166041 0.734124 0.00221349 -0.0170334 -0.678798
102.pcd -4.19149 4.34635 -0.163329 0.800379 0.000730681 -0.0172947 -0.599244
103.pcd -4.09793 4.39702 -0.17462 0.743342 -0.0033253 -0.0173162 -0.668679
104.pcd -3.98191 4.4438 -0.162222 0.665581 -0.000589942 -0.0165848 -0.746141
105.pcd -3.89528 4.40341 -0.165823 0.591222 -0.000351076 -0.0166305 -0.806337
106.pcd -3.76818 4.32095 -0.167147 0.674285 -0.00486057 -0.0151938 -0.738299
107.pcd -3.63894 4.34728 -0.168531 0.736482 -0.0014654 -0.0139539 -0.676312
108.pcd -3.13304 4.35102 -0.171935 0.684789 -0.000605546 -0.0153751 -0.728579
109.pcd -2.62813 4.30252 -0.160112 0.692386 0.00198577 -0.0180135 -0.721299
110.pcd -2.12499 4.278 -0.157399 0.695649 0.00221855 -0.0136823 -0.718248
111.pcd -1.61504 4.24751 -0.15378 0.693158 0.00214602 -0.0140612 -0.720645
112.pcd -1.11145 4.22482 -0.146899 0.691628 -0.00166741 -0.0148398 -0.722099
113.pcd -0.58829 4.19067 -0.142349 0.692193 -0.00161319 -0.015839 -0.721536
114.pcd -0.0819317 4.14691 -0.124595 0.676933 -0.00428556 -0.027663 -0.735512
115.pcd 0.424242 4.11253 -0.124244 0.697669 -0.00506276 -0.0260235 -0.71593
116.pcd 0.813526 4.07713 -0.11474 0.624956 -0.00543461 -0.0269317 -0.780177
117.pcd 0.902179 4.06442 -0.117528 0.519543 -0.00647177 -0.0268932 -0.853997
118.pcd 0.960403 4.03334 -0.112419 -0.434229 0.00681812 0.0273779 0.90036
119.pcd 1.02081 3.9893 -0.112026 -0.353499 0.00562176 0.0264825 0.935043
120.pcd 1.13847 3.89559 -0.102333 -0.238221 -0.00441777 0.0267676 0.970832
121.pcd 1.15985 3.79462 -0.0972647 -0.107731 -0.00154521 0.028585 0.993768
122.pcd 1.1601 3.69009 -0.0925428 -0.00086871 -0.00249997 0.0177686 0.999839
123.pcd 1.12459 3.47632 -0.0920861 0.0885214 -0.00142393 0.0140653 0.995974
124.pcd 1.00928 2.97633 -0.0799521 0.0838835 -0.000263444 0.0223481 0.996225
125.pcd 0.90839 2.4695 -0.0700514 0.141332 -0.00115912 0.0177018 0.989803
126.pcd 0.778013 1.95951 -0.0610359 0.15244 0.00302187 0.0163055 0.988174
127.pcd 0.623927 1.45998 -0.0484484 0.0722139 0.00308084 0.0171185 0.997237
128.pcd 0.544053 0.943772 -0.0311179 0.0731725 0.00259036 0.0190142 0.997135
129.pcd 0.481028 0.562872 -0.01031 -0.0198424 0.00492449 0.0196973 0.999597
130.pcd 0.493516 0.0549382 0.010637 -0.00917554 0.0035545 0.019686 0.999758
131.pcd 0.485509 -0.467654 0.0188323 -0.00883054 0.00340721 0.0176631 0.999799
132.pcd 0.47721 -0.9797 0.0170525 0.065793 0.000291953 0.0130676 0.997748
133.pcd 0.334264 -1.48408 0.0318276 0.107497 0.00391969 0.0180122 0.994034
134.pcd 0.19018 -1.96386 0.043753 0.179724 0.00191417 0.0185911 0.98354
135.pcd -0.0594382 -2.4034 0.0475011 0.240039 0.00474168 0.0191966 0.970562
136.pcd -0.2551 -2.86627 0.055595 0.152149 0.00480252 0.0181678 0.988179
137.pcd -0.349921 -3.18 0.0645897 0.253372 -0.00079125 0.0167008 0.967224
138.pcd -0.627185 -3.62754 0.0772009 0.231559 0.00324924 0.0178795 0.972651
139.pcd -0.833459 -4.07735 0.095041 0.117056 0.00567483 0.0236058 0.992829
140.pcd -0.896971 -4.5038 0.107957 0.0267481 0.00410409 0.0182607 0.999467
141.pcd -0.904786 -5.00519 0.116149 -0.0196329 0.00429078 0.0196621 0.999605
142.pcd -0.900605 -5.53277 0.12562 -0.0149817 0.00414 0.0189943 0.999699
143.pcd -0.879512 -6.01519 0.130535 -0.102248 0.00672622 0.0201148 0.994533
144.pcd -0.790206 -6.51135 0.149519 -0.107032 0.00591346 0.0226548 0.99398
145.pcd -0.768219 -6.59574 0.150082 -0.230906 0.0042788 0.0225617 0.972705
146.pcd -0.741819 -6.64307 0.149478 -0.320105 0.00290875 0.0188783 0.94719
147.pcd -0.707083 -6.68488 0.147497 -0.402415 0.003877 0.020375 0.915222
148.pcd -0.666295 -6.71684 0.155488 -0.48059 0.00786746 0.0178707 0.876728
149.pcd -0.587952 -6.73302 0.150465 0.582762 -0.00572828 -0.0207829 -0.812357
150.pcd -0.524986 -6.7147 0.124492 0.663577 0.000595834 -0.0215191 -0.747799
151.pcd -0.526856 -6.71418 0.106263 0.737271 0.00322732 -0.0201113 -0.67529
152.pcd -0.566289 -6.7061 0.108139 0.811296 0.00276447 -0.0181312 -0.584348
153.pcd -0.587118 -6.70811 0.132601 0.881322 -0.00386794 -0.0133156 -0.472313
154.pcd -0.578222 -6.67141 0.143878 0.921395 -0.00601704 -0.00995601 -0.388454
155.pcd -0.536856 -6.62524 0.140686 0.955525 -0.00481641 -0.00431659 -0.294838
156.pcd -0.47167 -6.5204 0.126184 0.984846 -0.00209124 -0.00627181 -0.173305
157.pcd -0.448707 -6.40661 0.103243 0.998038 -0.00173621 -0.00858407 -0.0619915
158.pcd -0.480602 -5.90295 0.123791 0.999964 -0.00411545 -0.00398798 -0.00619109
159.pcd -0.482865 -5.38754 0.112231 0.998678 -0.00337309 -0.000406807 0.0512842
160.pcd -0.528969 -4.87782 0.105075 0.996074 -0.00526929 -0.00056837 0.0883607
161.pcd -0.624328 -4.36682 0.097738 0.996529 -0.00704319 0.00122327 0.082936
162.pcd -0.697301 -3.85958 0.082423 0.997014 -0.00792507 -0.00213341 0.07678
163.pcd -0.72325 -3.45313 0.0756811 0.999443 -0.00626045 -0.00239004 -0.0326979
164.pcd -0.707739 -3.36089 0.0748675 0.991423 -0.0046508 -0.003683 -0.13056
165.pcd -0.532658 -2.86992 0.0617906 0.976913 -0.00442334 -0.00671363 -0.213486
166.pcd -0.289214 -2.43064 0.0476002 0.971762 -0.00466217 -0.00587767 -0.235846
167.pcd -0.0623168 -1.97759 0.040687 0.968087 -0.00924002 -0.00817756 -0.250312
168.pcd 0.00150493 -1.88026 0.0394942 0.939198 -0.00878758 -0.00780616 -0.343176
169.pcd 0.341039 -1.50173 0.027694 0.972085 -0.00640901 -0.00686979 -0.234439
170.pcd 0.43373 -1.29105 0.0285771 0.988841 -0.00703418 -0.00561682 -0.148703
171.pcd 0.546232 -0.822442 0.0163054 0.970746 -0.00506128 -0.00469308 -0.240009
172.pcd 0.691113 -0.57152 0.0149494 0.992288 0.0010456 -0.00848346 -0.123655
173.pcd 0.732479 -0.48495 0.0171447 0.999393 -0.000599262 -0.00872074 -0.0337373
174.pcd 0.746878 0.0326776 0.00370254 0.998121 -0.00407387 -0.00231584 -0.0610977
175.pcd 0.809742 0.539581 -0.00953259 0.998363 -0.00632874 -0.00113322 -0.0568274
176.pcd 0.865751 1.06534 -0.0275543 0.999915 -0.00810472 -0.00607778 -0.00817085
177.pcd 0.860441 1.56962 -0.0403626 0.999971 -0.000687867 -0.00249579 -0.00711819
178.pcd 0.896196 2.08402 -0.0623229 0.999947 -0.00356939 -0.00474096 -0.00844124
179.pcd 0.897106 2.58452 -0.0786232 0.999921 -0.00595152 -0.00457867 -0.0101104
180.pcd 0.914604 3.09529 -0.0846783 0.999938 -0.0069404 -0.00452102 -0.00740515
181.pcd 0.930502 3.57078 -0.0958653 0.995351 0.00551422 -0.00676988 -0.0959152
182.pcd 1.06477 4.05888 -0.110425 0.999834 -0.0132769 -0.00704521 -0.0102948
183.pcd 0.999465 4.39686 -0.122103 0.995142 -0.00672879 -0.00435118 -0.0981247
184.pcd 1.01753 4.39777 -0.12099 0.973262 -0.00641278 -0.00804653 -0.229467
185.pcd 1.05071 4.40374 -0.12252 0.949188 -0.00741124 -0.0108159 -0.314437
186.pcd 1.32762 4.69586 -0.119734 0.914544 -0.00527567 -0.010761 -0.40431
187.pcd 1.35936 4.73025 -0.124061 0.872871 -0.00363645 -0.0130358 -0.487763
188.pcd 1.36645 4.72281 -0.1251 0.809858 -0.00403973 -0.0138813 -0.586448
189.pcd 1.35755 4.70481 -0.128606 0.736415 -0.0055347 -0.0153897 -0.676332
190.pcd 1.36297 4.70417 -0.13022 0.646993 -0.00601915 -0.0172589 -0.762276
191.pcd 1.44343 4.65439 -0.130344 0.559967 -0.00438826 -0.0171628 -0.828326
192.pcd 1.53064 4.62421 -0.131139 -0.464653 0.00382463 0.0173194 0.885315
193.pcd 1.35967 4.8322 -0.130682 -0.370568 0.00338409 0.0200573 0.928583
194.pcd 1.287 4.83298 -0.137111 -0.279445 0.00382185 0.0186632 0.959973
195.pcd 1.26828 4.81807 -0.146423 -0.155911 0.00518643 0.0186927 0.987581
196.pcd 1.30523 4.79799 -0.141908 -0.0306332 0.00290979 0.0192705 0.999341
197.pcd 1.33288 4.76053 -0.13228 0.0611524 0.00271018 0.0186059 0.997951
198.pcd 1.266 4.30639 -0.115295 0.15579 -8.42157e-05 0.0177938 0.98763
199.pcd 1.13721 3.93815 -0.103671 0.0575327 -0.00673659 0.02593 0.997984
200.pcd 1.09413 3.43797 -0.0936846 0.0744242 0.00621699 0.00978716 0.997159
201.pcd 1.05224 2.98642 -0.0807311 0.167806 -0.000362111 0.0219313 0.985576
202.pcd 0.855417 2.50953 -0.0744489 0.0854297 0.000344038 0.0189223 0.996164
203.pcd 0.775703 1.98934 -0.0636509 0.136766 0.00503347 0.0171809 0.990442
204.pcd 0.76962 1.84476 -0.0612989 0.23217 0.00127598 0.0176407 0.972515
